<?xml version="1.0" encoding="utf-8"?>
<COLLADA xmlns="http://www.collada.org/2005/11/COLLADASchema" version="1.4.1">
  <asset><contributor><author></author><authoring_tool>FBX COLLADA exporter</authoring_tool><comments></comments></contributor><created>2022-11-01T12:16:01Z</created><keywords></keywords><modified>2022-11-01T12:16:01Z</modified><revision></revision><subject></subject><title></title><unit meter="0.010000" name="centimeter"></unit><up_axis>Y_UP</up_axis></asset>
  <library_animations>
    <animation id="jnt_flap1-anim" name="jnt_flap1"><animation><source id="jnt_flap1-Matrix-animation-input"><float_array id="jnt_flap1-Matrix-animation-input-array" count="44">

0.000000 0.033333 0.066667 0.100000 0.133333 0.166667 0.200000 0.233333 0.266667 0.300000 0.333333 0.366667 0.400000 0.433333 0.466667 0.500000
0.533333 0.566667 0.600000 0.633333 0.666667 0.700000 0.733333 0.766667 0.800000 0.833333 0.866667 0.900000 0.933333 0.966667 1.000000 1.033333
1.066667 1.100000 1.133333 1.166667 1.200000 1.233333 1.266667 1.300000 1.333333 1.366667 1.400000 1.433333</float_array><technique_common><accessor source="#jnt_flap1-Matrix-animation-input-array" count="44"><param name="TIME" type="float"/></accessor></technique_common></source><source id="jnt_flap1-Matrix-animation-output-transform"><float_array id="jnt_flap1-Matrix-animation-output-transform-array" count="704">

-0.999979 0.000027 0.006472 0.000000 0.006472 0.004147 0.999970 -0.000000 -0.000000 0.999991 -0.004147 1.731293 0.000000 0.000000 0.000000 1.000000
-0.999979 0.000451 0.006470 0.000760 0.006472 0.004144 0.999970 0.000759 0.000424 0.999991 -0.004147 1.731293 0.000000 0.000000 0.000000 1.000000
-0.999978 0.001624 0.006466 0.002951 0.006472 0.004137 0.999970 0.002951 0.001597 0.999990 -0.004147 1.731293 0.000000 0.000000 0.000000 1.000000
-0.999973 0.003424 0.006458 0.006445 0.006472 0.004125 0.999971 0.006445 0.003397 0.999986 -0.004147 1.731293 0.000000 0.000000 0.000000 1.000000
-0.999963 0.005778 0.006430 0.011111 0.006472 0.007310 0.999952 0.011111 0.005731 0.999957 -0.007347 1.727799 0.000000 0.000000 0.000000 1.000000
-0.999943 0.008594 0.006375 0.016819 0.006472 0.011325 0.999915 0.016818 0.008521 0.999899 -0.011380 1.722056 0.000000 0.000000 0.000000 1.000000
-0.999911 0.011807 0.006282 0.023438 0.006472 0.016074 0.999850 0.023437 0.011704 0.999801 -0.016149 1.713447 0.000000 0.000000 0.000000 1.000000
-0.999863 0.015363 0.006143 0.030838 0.006471 0.021430 0.999749 0.030837 0.015227 0.999652 -0.021527 1.701640 0.000000 0.000000 0.000000 1.000000
-0.999798 0.019213 0.005949 0.038889 0.006471 0.027240 0.999608 0.038889 0.019044 0.999444 -0.027359 1.686748 0.000000 0.000000 0.000000 1.000000
-0.999712 0.023317 0.005695 0.047461 0.006471 0.033334 0.999423 0.047461 0.023113 0.999172 -0.033475 1.669264 0.000000 0.000000 0.000000 1.000000
-0.999604 0.027634 0.005379 0.056424 0.006470 0.039540 0.999197 0.056423 0.027399 0.998836 -0.039703 1.649824 0.000000 0.000000 0.000000 1.000000
-0.999471 0.032130 0.005003 0.065647 0.006469 0.045698 0.998934 0.065646 0.031867 0.998438 -0.045882 1.629012 0.000000 0.000000 0.000000 1.000000
-0.999313 0.036773 0.004570 0.075000 0.006468 0.051665 0.998644 0.074999 0.036487 0.997987 -0.051867 1.607289 0.000000 0.000000 0.000000 1.000000
-0.999129 0.041529 0.004087 0.084353 0.006467 0.057323 0.998335 0.084353 0.041225 0.997492 -0.057542 1.584983 0.000000 0.000000 0.000000 1.000000
-0.998918 0.046368 0.003564 0.093576 0.006465 0.062584 0.998019 0.093576 0.046053 0.996962 -0.062816 1.562322 0.000000 0.000000 0.000000 1.000000
-0.998682 0.051242 0.002790 0.102539 0.006245 0.067394 0.997707 0.102538 0.050936 0.996410 -0.067625 1.539458 0.000000 0.000000 0.000000 1.000000
-0.998422 0.056128 0.001997 0.111111 0.006026 0.071701 0.997408 0.111110 0.055840 0.995846 -0.071926 1.516496 0.000000 0.000000 0.000000 1.000000
-0.998138 0.060988 0.001195 0.119162 0.005806 0.075484 0.997130 0.119162 0.060723 0.995280 -0.075697 1.493505 0.000000 0.000000 0.000000 1.000000
-0.997834 0.065773 0.000414 0.126563 0.005586 0.078464 0.996901 0.126562 0.065537 0.994745 -0.078661 1.470533 0.000000 0.000000 0.000000 1.000000
-0.997517 0.070425 -0.000384 0.133181 0.005366 0.081445 0.996663 0.133181 0.070221 0.994187 -0.081621 1.447610 0.000000 0.000000 0.000000 1.000000
-0.997193 0.074861 -0.001114 0.138889 0.005147 0.083377 0.996505 0.138888 0.074692 0.993702 -0.083529 1.424759 0.000000 0.000000 0.000000 1.000000
-0.996876 0.078966 -0.001832 0.143555 0.004927 0.085313 0.996342 0.143554 0.078834 0.993220 -0.085435 1.401992 0.000000 0.000000 0.000000 1.000000
-0.996583 0.082562 -0.002325 0.147049 0.004708 0.084883 0.996380 0.147048 0.082461 0.992964 -0.084982 1.379319 0.000000 0.000000 0.000000 1.000000
-0.996350 0.085322 -0.002744 0.149240 0.004489 0.084459 0.996417 0.149240 0.085248 0.992767 -0.084533 1.356746 0.000000 0.000000 0.000000 1.000000
-0.996243 0.086544 -0.003030 0.150000 0.004271 0.084042 0.996453 0.150000 0.086491 0.992697 -0.084096 1.334274 0.000000 0.000000 0.000000 1.000000
-0.996297 0.085922 -0.003159 0.150000 0.004053 0.083634 0.996488 0.150000 0.085885 0.992785 -0.083673 1.315745 0.000000 0.000000 0.000000 1.000000
-0.996497 0.083568 -0.003144 0.150000 0.003836 0.083232 0.996523 0.150000 0.083539 0.993020 -0.083261 1.309829 0.000000 0.000000 0.000000 1.000000
-0.996974 0.077689 -0.002837 0.150000 0.003620 0.082842 0.996556 0.150000 0.077657 0.993530 -0.082872 1.335682 0.000000 0.000000 0.000000 1.000000
-0.998126 0.061185 -0.001155 0.150000 0.003406 0.074392 0.997223 0.150000 0.061101 0.995350 -0.074461 1.540305 0.000000 0.000000 0.000000 1.000000
-0.998638 0.052171 -0.000457 0.150000 0.003190 0.069784 0.997557 0.150000 0.052076 0.996197 -0.069856 2.015524 0.000000 0.000000 0.000000 1.000000
-0.998652 0.051896 -0.000574 0.145200 0.002971 0.068220 0.997666 0.145200 0.051815 0.996320 -0.068282 2.268674 0.000000 0.000000 0.000000 1.000000
-0.998698 0.051013 -0.000521 0.132600 0.002753 0.064089 0.997940 0.132600 0.050942 0.996640 -0.064145 2.422224 0.000000 0.000000 0.000000 1.000000
-0.998779 0.049409 -0.000340 0.114900 0.002535 0.058117 0.998307 0.114900 0.049345 0.997086 -0.058172 2.501074 0.000000 0.000000 0.000000 1.000000
-0.998896 0.046971 -0.000083 0.094800 0.002317 0.051035 0.998694 0.094800 0.046914 0.997592 -0.051087 2.530124 0.000000 0.000000 0.000000 1.000000
-0.999050 0.043586 0.000198 0.075000 0.002099 0.043570 0.999048 0.075000 0.043536 0.998099 -0.043620 2.534274 0.000000 0.000000 0.000000 1.000000
-0.999231 0.039212 0.000455 0.057713 0.001881 0.036344 0.999338 0.057712 0.039169 0.998570 -0.036389 2.527333 0.000000 0.000000 0.000000 1.000000
-0.999419 0.034068 0.000656 0.043200 0.001663 0.029546 0.999562 0.043200 0.034034 0.998983 -0.029586 2.478744 0.000000 0.000000 0.000000 1.000000
-0.999595 0.028445 0.000783 0.031238 0.001445 0.023256 0.999728 0.031237 0.028419 0.999325 -0.023288 2.346858 0.000000 0.000000 0.000000 1.000000
-0.999744 0.022632 0.000829 0.021600 0.001226 0.017553 0.999845 0.021600 0.022614 0.999590 -0.017577 2.090029 0.000000 0.000000 0.000000 1.000000
-0.999857 0.016919 0.000796 0.014063 0.001008 0.012514 0.999921 0.014062 0.016908 0.999779 -0.012529 1.666607 0.000000 0.000000 0.000000 1.000000
-0.999933 0.011597 0.000694 0.008400 0.000790 0.008217 0.999966 0.008400 0.011591 0.999899 -0.008225 1.567282 0.000000 0.000000 0.000000 1.000000
-0.999976 0.006956 0.000538 0.004388 0.000571 0.004740 0.999989 0.004387 0.006953 0.999965 -0.004744 1.571152 0.000000 0.000000 0.000000 1.000000
-0.999995 0.003284 0.000344 0.001800 0.000353 0.002647 0.999996 0.001800 0.003283 0.999991 -0.002648 1.631045 0.000000 0.000000 0.000000 1.000000
-1.000000 0.000869 0.000133 0.000413 0.000134 0.000553 1.000000 0.000412 0.000869 0.999999 -0.000553 1.700753 0.000000 0.000000 0.000000 1.000000</float_array><technique_common><accessor source="#jnt_flap1-Matrix-animation-output-transform-array" count="44" stride="16"><param type="float4x4"/></accessor></technique_common></source><source id="jnt_flap1-Interpolations"><Name_array id="jnt_flap1-Interpolations-array" count="44">
 LINEAR LINEAR LINEAR LINEAR LINEAR LINEAR LINEAR LINEAR LINEAR LINEAR LINEAR
LINEAR LINEAR LINEAR LINEAR LINEAR LINEAR LINEAR LINEAR LINEAR LINEAR LINEAR LINEAR
LINEAR LINEAR LINEAR LINEAR LINEAR LINEAR LINEAR LINEAR LINEAR LINEAR LINEAR LINEAR
LINEAR LINEAR LINEAR LINEAR LINEAR LINEAR LINEAR LINEAR LINEAR</Name_array><technique_common><accessor source="#jnt_flap1-Interpolations-array" count="44"><param type="name"/></accessor></technique_common></source><sampler id="jnt_flap1-Matrix-animation-transform"><input semantic="INPUT" source="#jnt_flap1-Matrix-animation-input"/><input semantic="OUTPUT" source="#jnt_flap1-Matrix-animation-output-transform"/><input semantic="INTERPOLATION" source="#jnt_flap1-Interpolations"/></sampler><channel source="#jnt_flap1-Matrix-animation-transform" target="jnt_flap1/matrix"/></animation></animation>
  </library_animations>
  <library_visual_scenes>
    <visual_scene id="Scene" name="Scene">
      <node name="Armature" id="Armature" sid="Armature"><matrix sid="matrix">1.000000 0.000000 0.000000 0.000000 0.000000 1.000000 -0.000000 0.000000 0.000000 0.000000 1.000000 0.000000 0.000000 0.000000 0.000000 1.000000</matrix><extra><technique profile="FCOLLADA"><visibility>1.000000</visibility></technique></extra><node name="jnt_barrel" id="jnt_barrel" sid="jnt_barrel" type="JOINT"><matrix sid="matrix">1.000000 0.000000 0.000000 0.000000 0.000000 1.000000 -0.000000 1.226135 0.000000 0.000000 1.000000 1.069256 0.000000 0.000000 0.000000 1.000000</matrix><extra><technique profile="FCOLLADA"><visibility>1.000000</visibility></technique></extra><node name="jnt_flap1" id="jnt_flap1" sid="jnt_flap1" type="JOINT"><matrix sid="matrix">-0.999979 0.000027 0.006472 0.000000 0.006472 0.004147 0.999970 -0.000000 -0.000000 0.999991 -0.004147 1.731293 0.000000 0.000000 0.000000 1.000000</matrix><extra><technique profile="FCOLLADA"><visibility>1.000000</visibility></technique></extra></node></node></node>
      <extra><technique profile="MAX3D"><frame_rate>0.000000</frame_rate></technique><technique profile="FCOLLADA"><start_time>0.000000</start_time><end_time>1.000000</end_time></technique></extra>
    </visual_scene>
  </library_visual_scenes>
  <scene>
    <instance_visual_scene url="#Scene"></instance_visual_scene>
  </scene>
</COLLADA>
