<?xml version="1.0" encoding="utf-8"?>
<COLLADA xmlns="http://www.collada.org/2005/11/COLLADASchema" version="1.4.1">
  <asset><contributor><author></author><authoring_tool>FBX COLLADA exporter</authoring_tool><comments></comments></contributor><created>2022-11-01T13:59:57Z</created><keywords></keywords><modified>2022-11-01T13:59:57Z</modified><revision></revision><subject></subject><title></title><unit meter="0.010000" name="centimeter"></unit><up_axis>Y_UP</up_axis></asset>
  <library_animations>
    <animation id="Armature-anim" name="Armature"><animation><source id="Armature-Matrix-animation-input"><float_array id="Armature-Matrix-animation-input-array" count="45">

0.000000 0.033333 0.066667 0.100000 0.133333 0.166667 0.200000 0.233333 0.266667 0.300000 0.333333 0.366667 0.400000 0.433333 0.466667 0.500000
0.533333 0.566667 0.600000 0.633333 0.666667 0.700000 0.733333 0.766667 0.800000 0.833333 0.866667 0.900000 0.933333 0.966667 1.000000 1.033333
1.066667 1.100000 1.133333 1.166667 1.200000 1.233333 1.266667 1.300000 1.333333 1.366667 1.400000 1.433333 1.466667</float_array><technique_common><accessor source="#Armature-Matrix-animation-input-array" count="45"><param name="TIME" type="float"/></accessor></technique_common></source><source id="Armature-Matrix-animation-output-transform"><float_array id="Armature-Matrix-animation-output-transform-array" count="720">

1.000000 0.000000 0.000000 0.000000 0.000000 1.000000 -0.000000 0.000000 0.000000 0.000000 1.000000 0.000000 0.000000 0.000000 0.000000 1.000000
1.000000 0.000000 0.000000 0.000000 0.000000 1.000000 -0.000000 0.000000 0.000000 0.000000 1.000000 0.000000 0.000000 0.000000 0.000000 1.000000
1.000000 0.000000 0.000000 0.000000 0.000000 1.000000 -0.000000 0.000000 0.000000 0.000000 1.000000 0.000000 0.000000 0.000000 0.000000 1.000000
1.000000 0.000000 0.000000 0.000000 0.000000 1.000000 -0.000000 0.000000 0.000000 0.000000 1.000000 0.000000 0.000000 0.000000 0.000000 1.000000
1.000000 0.000000 0.000000 0.000000 0.000000 1.000000 -0.000000 0.000000 0.000000 0.000000 1.000000 0.000000 0.000000 0.000000 0.000000 1.000000
1.000000 0.000000 0.000000 0.000000 0.000000 1.000000 -0.000000 0.000000 0.000000 0.000000 1.000000 0.000000 0.000000 0.000000 0.000000 1.000000
1.000000 0.000000 0.000000 0.000000 0.000000 1.000000 -0.000000 0.000000 0.000000 0.000000 1.000000 0.000000 0.000000 0.000000 0.000000 1.000000
1.000000 0.000000 0.000000 0.000000 0.000000 1.000000 -0.000000 0.000000 0.000000 0.000000 1.000000 0.000000 0.000000 0.000000 0.000000 1.000000
1.000000 0.000000 0.000000 0.000000 0.000000 1.000000 -0.000000 0.000000 0.000000 0.000000 1.000000 0.000000 0.000000 0.000000 0.000000 1.000000
1.000000 0.000000 0.000000 0.000000 0.000000 1.000000 -0.000000 0.000000 0.000000 0.000000 1.000000 0.000000 0.000000 0.000000 0.000000 1.000000
1.000000 0.000000 0.000000 0.000000 0.000000 1.000000 -0.000000 0.000000 0.000000 0.000000 1.000000 0.000000 0.000000 0.000000 0.000000 1.000000
1.000000 0.000000 0.000000 0.000000 0.000000 1.000000 -0.000000 0.000000 0.000000 0.000000 1.000000 0.000000 0.000000 0.000000 0.000000 1.000000
1.000000 0.000000 0.000000 0.000000 0.000000 1.000000 -0.000000 0.000000 0.000000 0.000000 1.000000 0.000000 0.000000 0.000000 0.000000 1.000000
1.000000 0.000000 0.000000 0.000000 0.000000 1.000000 -0.000000 0.000000 0.000000 0.000000 1.000000 0.000000 0.000000 0.000000 0.000000 1.000000
1.000000 0.000000 0.000000 0.000000 0.000000 1.000000 -0.000000 0.000000 0.000000 0.000000 1.000000 0.000000 0.000000 0.000000 0.000000 1.000000
1.000000 0.000000 0.000000 0.000000 0.000000 1.000000 -0.000000 0.000000 0.000000 0.000000 1.000000 0.000000 0.000000 0.000000 0.000000 1.000000
1.000000 0.000000 0.000000 0.000000 0.000000 1.000000 -0.000000 0.000000 0.000000 0.000000 1.000000 0.000000 0.000000 0.000000 0.000000 1.000000
1.000000 0.000000 0.000000 0.000000 0.000000 1.000000 -0.000000 0.000000 0.000000 0.000000 1.000000 0.000000 0.000000 0.000000 0.000000 1.000000
1.000000 0.000000 0.000000 0.000000 0.000000 1.000000 -0.000000 0.000000 0.000000 0.000000 1.000000 0.000000 0.000000 0.000000 0.000000 1.000000
1.000000 0.000000 0.000000 0.000000 0.000000 1.000000 -0.000000 0.000000 0.000000 0.000000 1.000000 0.000000 0.000000 0.000000 0.000000 1.000000
1.000000 0.000000 0.000000 0.000000 0.000000 1.000000 -0.000000 0.000000 0.000000 0.000000 1.000000 0.000000 0.000000 0.000000 0.000000 1.000000
1.000000 0.000000 0.000000 0.000000 0.000000 1.000000 -0.000000 0.000000 0.000000 0.000000 1.000000 0.000000 0.000000 0.000000 0.000000 1.000000
1.000000 0.000000 0.000000 0.000000 0.000000 1.000000 -0.000000 0.000000 0.000000 0.000000 1.000000 0.000000 0.000000 0.000000 0.000000 1.000000
1.000000 0.000000 0.000000 0.000000 0.000000 1.000000 -0.000000 0.000000 0.000000 0.000000 1.000000 0.000000 0.000000 0.000000 0.000000 1.000000
1.000000 0.000000 0.000000 0.000000 0.000000 1.000000 -0.000000 0.000000 0.000000 0.000000 1.000000 0.000000 0.000000 0.000000 0.000000 1.000000
1.000000 0.000000 0.000000 0.000000 0.000000 1.000000 -0.000000 0.000000 0.000000 0.000000 1.000000 0.000000 0.000000 0.000000 0.000000 1.000000
1.000000 0.000000 0.000000 0.000000 0.000000 1.000000 -0.000000 0.000000 0.000000 0.000000 1.000000 0.000000 0.000000 0.000000 0.000000 1.000000
1.000000 0.000000 0.000000 0.000000 0.000000 1.000000 -0.000000 0.000000 0.000000 0.000000 1.000000 0.000000 0.000000 0.000000 0.000000 1.000000
1.000000 0.000000 0.000000 0.000000 0.000000 1.000000 -0.000000 0.000000 0.000000 0.000000 1.000000 0.000000 0.000000 0.000000 0.000000 1.000000
1.000000 0.000000 0.000000 0.000000 0.000000 1.000000 -0.000000 0.000000 0.000000 0.000000 1.000000 0.000000 0.000000 0.000000 0.000000 1.000000
1.000000 0.000000 0.000000 0.000000 0.000000 1.000000 -0.000000 0.000000 0.000000 0.000000 1.000000 0.000000 0.000000 0.000000 0.000000 1.000000
1.000000 0.000000 0.000000 0.000000 0.000000 1.000000 -0.000000 0.000000 0.000000 0.000000 1.000000 0.000000 0.000000 0.000000 0.000000 1.000000
1.000000 0.000000 0.000000 0.000000 0.000000 1.000000 -0.000000 0.000000 0.000000 0.000000 1.000000 0.000000 0.000000 0.000000 0.000000 1.000000
1.000000 0.000000 0.000000 0.000000 0.000000 1.000000 -0.000000 0.000000 0.000000 0.000000 1.000000 0.000000 0.000000 0.000000 0.000000 1.000000
1.000000 0.000000 0.000000 0.000000 0.000000 1.000000 -0.000000 0.000000 0.000000 0.000000 1.000000 0.000000 0.000000 0.000000 0.000000 1.000000
1.000000 0.000000 0.000000 0.000000 0.000000 1.000000 -0.000000 0.000000 0.000000 0.000000 1.000000 0.000000 0.000000 0.000000 0.000000 1.000000
1.000000 0.000000 0.000000 0.000000 0.000000 1.000000 -0.000000 0.000000 0.000000 0.000000 1.000000 0.000000 0.000000 0.000000 0.000000 1.000000
1.000000 0.000000 0.000000 0.000000 0.000000 1.000000 -0.000000 0.000000 0.000000 0.000000 1.000000 0.000000 0.000000 0.000000 0.000000 1.000000
1.000000 0.000000 0.000000 0.000000 0.000000 1.000000 -0.000000 0.000000 0.000000 0.000000 1.000000 0.000000 0.000000 0.000000 0.000000 1.000000
1.000000 0.000000 0.000000 0.000000 0.000000 1.000000 -0.000000 0.000000 0.000000 0.000000 1.000000 0.000000 0.000000 0.000000 0.000000 1.000000
1.000000 0.000000 0.000000 0.000000 0.000000 1.000000 -0.000000 0.000000 0.000000 0.000000 1.000000 0.000000 0.000000 0.000000 0.000000 1.000000
1.000000 0.000000 0.000000 0.000000 0.000000 1.000000 -0.000000 0.000000 0.000000 0.000000 1.000000 0.000000 0.000000 0.000000 0.000000 1.000000
1.000000 0.000000 0.000000 0.000000 0.000000 1.000000 -0.000000 0.000000 0.000000 0.000000 1.000000 0.000000 0.000000 0.000000 0.000000 1.000000
1.000000 0.000000 0.000000 0.000000 0.000000 1.000000 -0.000000 0.000000 0.000000 0.000000 1.000000 0.000000 0.000000 0.000000 0.000000 1.000000
1.000000 0.000000 0.000000 0.000000 0.000000 1.000000 -0.000000 0.000000 0.000000 0.000000 1.000000 0.000000 0.000000 0.000000 0.000000 1.000000</float_array><technique_common><accessor source="#Armature-Matrix-animation-output-transform-array" count="45" stride="16"><param type="float4x4"/></accessor></technique_common></source><source id="Armature-Interpolations"><Name_array id="Armature-Interpolations-array" count="45">
 LINEAR LINEAR LINEAR LINEAR LINEAR LINEAR LINEAR LINEAR LINEAR LINEAR LINEAR
LINEAR LINEAR LINEAR LINEAR LINEAR LINEAR LINEAR LINEAR LINEAR LINEAR LINEAR LINEAR
LINEAR LINEAR LINEAR LINEAR LINEAR LINEAR LINEAR LINEAR LINEAR LINEAR LINEAR LINEAR
LINEAR LINEAR LINEAR LINEAR LINEAR LINEAR LINEAR LINEAR LINEAR LINEAR</Name_array><technique_common><accessor source="#Armature-Interpolations-array" count="45"><param type="name"/></accessor></technique_common></source><sampler id="Armature-Matrix-animation-transform"><input semantic="INPUT" source="#Armature-Matrix-animation-input"/><input semantic="OUTPUT" source="#Armature-Matrix-animation-output-transform"/><input semantic="INTERPOLATION" source="#Armature-Interpolations"/></sampler><channel source="#Armature-Matrix-animation-transform" target="Armature/matrix"/></animation></animation>
    <animation id="jnt_barrel-anim" name="jnt_barrel"><animation><source id="jnt_barrel-Matrix-animation-input"><float_array id="jnt_barrel-Matrix-animation-input-array" count="45">

0.000000 0.033333 0.066667 0.100000 0.133333 0.166667 0.200000 0.233333 0.266667 0.300000 0.333333 0.366667 0.400000 0.433333 0.466667 0.500000
0.533333 0.566667 0.600000 0.633333 0.666667 0.700000 0.733333 0.766667 0.800000 0.833333 0.866667 0.900000 0.933333 0.966667 1.000000 1.033333
1.066667 1.100000 1.133333 1.166667 1.200000 1.233333 1.266667 1.300000 1.333333 1.366667 1.400000 1.433333 1.466667</float_array><technique_common><accessor source="#jnt_barrel-Matrix-animation-input-array" count="45"><param name="TIME" type="float"/></accessor></technique_common></source><source id="jnt_barrel-Matrix-animation-output-transform"><float_array id="jnt_barrel-Matrix-animation-output-transform-array" count="720">

1.000000 0.000000 0.000000 0.000000 0.000000 1.000000 -0.000000 1.226135 0.000000 0.000000 1.000000 1.069256 0.000000 0.000000 0.000000 1.000000
1.000000 0.000000 0.000000 0.000000 0.000000 1.000000 -0.000000 1.226135 0.000000 0.000000 1.000000 1.069256 0.000000 0.000000 0.000000 1.000000
1.000000 0.000000 0.000000 0.000000 0.000000 1.000000 -0.000000 1.226135 0.000000 0.000000 1.000000 1.069256 0.000000 0.000000 0.000000 1.000000
1.000000 0.000000 0.000000 0.000000 0.000000 1.000000 -0.000000 1.226135 0.000000 0.000000 1.000000 1.069256 0.000000 0.000000 0.000000 1.000000
1.000000 0.000000 0.000000 0.000000 0.000000 1.000000 -0.000000 1.226135 0.000000 0.000000 1.000000 1.069256 0.000000 0.000000 0.000000 1.000000
1.000000 0.000000 0.000000 0.000000 0.000000 1.000000 -0.000000 1.226135 0.000000 0.000000 1.000000 1.069256 0.000000 0.000000 0.000000 1.000000
1.000000 0.000000 0.000000 0.000000 0.000000 1.000000 -0.000000 1.226135 0.000000 0.000000 1.000000 1.069256 0.000000 0.000000 0.000000 1.000000
1.000000 0.000000 0.000000 0.000000 0.000000 1.000000 -0.000000 1.226135 0.000000 0.000000 1.000000 1.069256 0.000000 0.000000 0.000000 1.000000
1.000000 0.000000 0.000000 0.000000 0.000000 1.000000 -0.000000 1.226135 0.000000 0.000000 1.000000 1.069256 0.000000 0.000000 0.000000 1.000000
1.000000 0.000000 0.000000 0.000000 0.000000 1.000000 -0.000000 1.226135 0.000000 0.000000 1.000000 1.069256 0.000000 0.000000 0.000000 1.000000
1.000000 0.000000 0.000000 0.000000 0.000000 1.000000 -0.000000 1.226135 0.000000 0.000000 1.000000 1.069256 0.000000 0.000000 0.000000 1.000000
1.000000 0.000000 0.000000 0.000000 0.000000 1.000000 -0.000000 1.226135 0.000000 0.000000 1.000000 1.069256 0.000000 0.000000 0.000000 1.000000
1.000000 0.000000 0.000000 0.000000 0.000000 1.000000 -0.000000 1.226135 0.000000 0.000000 1.000000 1.069256 0.000000 0.000000 0.000000 1.000000
1.000000 0.000000 0.000000 0.000000 0.000000 1.000000 -0.000000 1.226135 0.000000 0.000000 1.000000 1.069256 0.000000 0.000000 0.000000 1.000000
1.000000 0.000000 0.000000 0.000000 0.000000 1.000000 -0.000000 1.226135 0.000000 0.000000 1.000000 1.069256 0.000000 0.000000 0.000000 1.000000
1.000000 0.000000 0.000000 0.000000 0.000000 1.000000 -0.000000 1.226135 0.000000 0.000000 1.000000 1.069256 0.000000 0.000000 0.000000 1.000000
1.000000 0.000000 0.000000 0.000000 0.000000 1.000000 -0.000000 1.226135 0.000000 0.000000 1.000000 1.069256 0.000000 0.000000 0.000000 1.000000
1.000000 0.000000 0.000000 0.000000 0.000000 1.000000 -0.000000 1.226135 0.000000 0.000000 1.000000 1.069256 0.000000 0.000000 0.000000 1.000000
1.000000 0.000000 0.000000 0.000000 0.000000 1.000000 -0.000000 1.226135 0.000000 0.000000 1.000000 1.069256 0.000000 0.000000 0.000000 1.000000
1.000000 0.000000 0.000000 0.000000 0.000000 1.000000 -0.000000 1.226135 0.000000 0.000000 1.000000 1.069256 0.000000 0.000000 0.000000 1.000000
1.000000 0.000000 0.000000 0.000000 0.000000 1.000000 -0.000000 1.226135 0.000000 0.000000 1.000000 1.069256 0.000000 0.000000 0.000000 1.000000
1.000000 0.000000 0.000000 0.000000 0.000000 1.000000 -0.000000 1.226135 0.000000 0.000000 1.000000 1.069256 0.000000 0.000000 0.000000 1.000000
1.000000 0.000000 0.000000 0.000000 0.000000 1.000000 -0.000000 1.226135 0.000000 0.000000 1.000000 1.069256 0.000000 0.000000 0.000000 1.000000
1.000000 0.000000 0.000000 0.000000 0.000000 1.000000 -0.000000 1.226135 0.000000 0.000000 1.000000 1.069256 0.000000 0.000000 0.000000 1.000000
1.000000 0.000000 0.000000 0.000000 0.000000 1.000000 -0.000000 1.226135 0.000000 0.000000 1.000000 1.069256 0.000000 0.000000 0.000000 1.000000
1.000000 0.000000 0.000000 0.000000 0.000000 1.000000 -0.000000 1.226135 0.000000 0.000000 1.000000 1.069256 0.000000 0.000000 0.000000 1.000000
1.000000 0.000000 0.000000 0.000000 0.000000 1.000000 -0.000000 1.226135 0.000000 0.000000 1.000000 1.069256 0.000000 0.000000 0.000000 1.000000
1.000000 0.000000 0.000000 0.000000 0.000000 1.000000 -0.000000 1.226135 0.000000 0.000000 1.000000 1.069256 0.000000 0.000000 0.000000 1.000000
1.000000 0.000000 0.000000 0.000000 0.000000 1.000000 -0.000000 1.226135 0.000000 0.000000 1.000000 1.069256 0.000000 0.000000 0.000000 1.000000
1.000000 0.000000 0.000000 0.000000 0.000000 1.000000 -0.000000 1.226135 0.000000 0.000000 1.000000 1.069256 0.000000 0.000000 0.000000 1.000000
1.000000 0.000000 0.000000 0.000000 0.000000 1.000000 -0.000000 1.226135 0.000000 0.000000 1.000000 1.069256 0.000000 0.000000 0.000000 1.000000
1.000000 0.000000 0.000000 0.000000 0.000000 1.000000 -0.000000 1.226135 0.000000 0.000000 1.000000 1.069256 0.000000 0.000000 0.000000 1.000000
1.000000 0.000000 0.000000 0.000000 0.000000 1.000000 -0.000000 1.226135 0.000000 0.000000 1.000000 1.069256 0.000000 0.000000 0.000000 1.000000
1.000000 0.000000 0.000000 0.000000 0.000000 1.000000 -0.000000 1.226135 0.000000 0.000000 1.000000 1.069256 0.000000 0.000000 0.000000 1.000000
1.000000 0.000000 0.000000 0.000000 0.000000 1.000000 -0.000000 1.226135 0.000000 0.000000 1.000000 1.069256 0.000000 0.000000 0.000000 1.000000
1.000000 0.000000 0.000000 0.000000 0.000000 1.000000 -0.000000 1.226135 0.000000 0.000000 1.000000 1.069256 0.000000 0.000000 0.000000 1.000000
1.000000 0.000000 0.000000 0.000000 0.000000 1.000000 -0.000000 1.226135 0.000000 0.000000 1.000000 1.069256 0.000000 0.000000 0.000000 1.000000
1.000000 0.000000 0.000000 0.000000 0.000000 1.000000 -0.000000 1.226135 0.000000 0.000000 1.000000 1.069256 0.000000 0.000000 0.000000 1.000000
1.000000 0.000000 0.000000 0.000000 0.000000 1.000000 -0.000000 1.226135 0.000000 0.000000 1.000000 1.069256 0.000000 0.000000 0.000000 1.000000
1.000000 0.000000 0.000000 0.000000 0.000000 1.000000 -0.000000 1.226135 0.000000 0.000000 1.000000 1.069256 0.000000 0.000000 0.000000 1.000000
1.000000 0.000000 0.000000 0.000000 0.000000 1.000000 -0.000000 1.226135 0.000000 0.000000 1.000000 1.069256 0.000000 0.000000 0.000000 1.000000
1.000000 0.000000 0.000000 0.000000 0.000000 1.000000 -0.000000 1.226135 0.000000 0.000000 1.000000 1.069256 0.000000 0.000000 0.000000 1.000000
1.000000 0.000000 0.000000 0.000000 0.000000 1.000000 -0.000000 1.226135 0.000000 0.000000 1.000000 1.069256 0.000000 0.000000 0.000000 1.000000
1.000000 0.000000 0.000000 0.000000 0.000000 1.000000 -0.000000 1.226135 0.000000 0.000000 1.000000 1.069256 0.000000 0.000000 0.000000 1.000000
1.000000 0.000000 0.000000 0.000000 0.000000 1.000000 -0.000000 1.226135 0.000000 0.000000 1.000000 1.069256 0.000000 0.000000 0.000000 1.000000</float_array><technique_common><accessor source="#jnt_barrel-Matrix-animation-output-transform-array" count="45" stride="16"><param type="float4x4"/></accessor></technique_common></source><source id="jnt_barrel-Interpolations"><Name_array id="jnt_barrel-Interpolations-array" count="45">
 LINEAR LINEAR LINEAR LINEAR LINEAR LINEAR LINEAR LINEAR LINEAR LINEAR LINEAR
LINEAR LINEAR LINEAR LINEAR LINEAR LINEAR LINEAR LINEAR LINEAR LINEAR LINEAR LINEAR
LINEAR LINEAR LINEAR LINEAR LINEAR LINEAR LINEAR LINEAR LINEAR LINEAR LINEAR LINEAR
LINEAR LINEAR LINEAR LINEAR LINEAR LINEAR LINEAR LINEAR LINEAR LINEAR</Name_array><technique_common><accessor source="#jnt_barrel-Interpolations-array" count="45"><param type="name"/></accessor></technique_common></source><sampler id="jnt_barrel-Matrix-animation-transform"><input semantic="INPUT" source="#jnt_barrel-Matrix-animation-input"/><input semantic="OUTPUT" source="#jnt_barrel-Matrix-animation-output-transform"/><input semantic="INTERPOLATION" source="#jnt_barrel-Interpolations"/></sampler><channel source="#jnt_barrel-Matrix-animation-transform" target="jnt_barrel/matrix"/></animation></animation>
    <animation id="jnt_flap4-anim" name="jnt_flap4"><animation><source id="jnt_flap4-Matrix-animation-input"><float_array id="jnt_flap4-Matrix-animation-input-array" count="45">

0.000000 0.033333 0.066667 0.100000 0.133333 0.166667 0.200000 0.233333 0.266667 0.300000 0.333333 0.366667 0.400000 0.433333 0.466667 0.500000
0.533333 0.566667 0.600000 0.633333 0.666667 0.700000 0.733333 0.766667 0.800000 0.833333 0.866667 0.900000 0.933333 0.966667 1.000000 1.033333
1.066667 1.100000 1.133333 1.166667 1.200000 1.233333 1.266667 1.300000 1.333333 1.366667 1.400000 1.433333 1.466667</float_array><technique_common><accessor source="#jnt_flap4-Matrix-animation-input-array" count="45"><param name="TIME" type="float"/></accessor></technique_common></source><source id="jnt_flap4-Matrix-animation-output-transform"><float_array id="jnt_flap4-Matrix-animation-output-transform-array" count="720">

-1.000000 -0.000000 -0.000000 0.000000 -0.000000 0.000000 1.000000 0.000000 0.000000 1.000000 -0.000000 1.734274 0.000000 0.000000 0.000000 1.000000
-1.000000 0.000503 0.000045 -0.000902 0.000046 0.000552 1.000000 -0.000902 0.000503 1.000000 -0.000552 1.734003 0.000000 0.000000 0.000000 1.000000
-0.999998 0.001894 0.000175 -0.003494 0.000179 0.002245 0.999997 -0.003494 0.001894 0.999996 -0.002246 1.732878 0.000000 0.000000 0.000000 1.000000
-0.999992 0.004024 0.000375 -0.007607 0.000395 0.005109 0.999987 -0.007607 0.004022 0.999979 -0.005111 1.730211 0.000000 0.000000 0.000000 1.000000
-0.999977 0.006778 0.000631 -0.013073 0.000693 0.009122 0.999958 -0.013073 0.006772 0.999935 -0.009126 1.724970 0.000000 0.000000 0.000000 1.000000
-0.999949 0.010065 0.000928 -0.019722 0.001070 0.014193 0.999899 -0.019722 0.010050 0.999849 -0.014203 1.715932 0.000000 0.000000 0.000000 1.000000
-0.999904 0.013806 0.001248 -0.027385 0.001527 0.020156 0.999796 -0.027385 0.013778 0.999701 -0.020175 1.702311 0.000000 0.000000 0.000000 1.000000
-0.999838 0.017938 0.001579 -0.035894 0.002059 0.026774 0.999639 -0.035894 0.017889 0.999481 -0.026806 1.684423 0.000000 0.000000 0.000000 1.000000
-0.999747 0.022402 0.001906 -0.045079 0.002662 0.033768 0.999426 -0.045079 0.022324 0.999179 -0.033819 1.663446 0.000000 0.000000 0.000000 1.000000
-0.999629 0.027146 0.002222 -0.054771 0.003330 0.040850 0.999160 -0.054771 0.027033 0.998796 -0.040926 1.640625 0.000000 0.000000 0.000000 1.000000
-0.999481 0.032123 0.002517 -0.064801 0.004051 0.047766 0.998850 -0.064801 0.031966 0.998342 -0.047872 1.616849 0.000000 0.000000 0.000000 1.000000
-0.999301 0.037286 0.002789 -0.075000 0.004813 0.054310 0.998512 -0.075000 0.037079 0.997828 -0.054452 1.592655 0.000000 0.000000 0.000000 1.000000
-0.999088 0.042590 0.003033 -0.085199 0.005602 0.060338 0.998162 -0.085199 0.042328 0.997269 -0.060522 1.568344 0.000000 0.000000 0.000000 1.000000
-0.998843 0.047987 0.003248 -0.095229 0.006404 0.065760 0.997815 -0.095229 0.047669 0.996681 -0.065991 1.544084 0.000000 0.000000 0.000000 1.000000
-0.998566 0.053429 0.003432 -0.104921 0.007202 0.070531 0.997484 -0.104921 0.053053 0.996078 -0.070814 1.519962 0.000000 0.000000 0.000000 1.000000
-0.998260 0.058861 0.003583 -0.114106 0.007980 0.074639 0.997179 -0.114106 0.058428 0.995472 -0.074979 1.496024 0.000000 0.000000 0.000000 1.000000
-0.997929 0.064219 0.003702 -0.122615 0.008723 0.078095 0.996908 -0.122615 0.063731 0.994875 -0.078493 1.472292 0.000000 0.000000 0.000000 1.000000
-0.997580 0.069424 0.003786 -0.130278 0.009414 0.080921 0.996676 -0.130278 0.068886 0.994300 -0.081379 1.448773 0.000000 0.000000 0.000000 1.000000
-0.997223 0.074375 0.003837 -0.136927 0.010036 0.083150 0.996487 -0.136927 0.073794 0.993758 -0.083665 1.425469 0.000000 0.000000 0.000000 1.000000
-0.996873 0.078931 0.003856 -0.142393 0.010569 0.084817 0.996341 -0.142393 0.078315 0.993265 -0.085386 1.402374 0.000000 0.000000 0.000000 1.000000
-0.996552 0.082880 0.003846 -0.146506 0.010994 0.085959 0.996238 -0.146506 0.082238 0.992845 -0.086574 1.379482 0.000000 0.000000 0.000000 1.000000
-0.996300 0.085862 0.003819 -0.149098 0.011283 0.086615 0.996178 -0.149098 0.085203 0.992535 -0.087264 1.356784 0.000000 0.000000 0.000000 1.000000
-0.996187 0.087156 0.003798 -0.150000 0.011394 0.086824 0.996158 -0.150000 0.086491 0.992404 -0.087486 1.334274 0.000000 0.000000 0.000000 1.000000
-0.996244 0.086523 0.003566 -0.150000 0.011080 0.086523 0.996188 -0.150000 0.085884 0.992486 -0.087157 1.315688 0.000000 0.000000 0.000000 1.000000
-0.996452 0.084108 0.003020 -0.150000 0.010225 0.085357 0.996298 -0.150000 0.083539 0.992794 -0.085915 1.307005 0.000000 0.000000 0.000000 1.000000
-0.996940 0.078127 0.002442 -0.150000 0.008901 0.082430 0.996557 -0.150000 0.077656 0.993530 -0.082873 1.313773 0.000000 0.000000 0.000000 1.000000
-0.998107 0.061448 0.002367 -0.150000 0.006932 0.074176 0.997221 -0.150000 0.061101 0.995350 -0.074461 1.348533 0.000000 0.000000 0.000000 1.000000
-0.998628 0.052336 0.001902 -0.150000 0.005550 0.069661 0.997555 -0.150000 0.052076 0.996197 -0.069856 1.453210 0.000000 0.000000 0.000000 1.000000
-0.998650 0.051920 0.001272 -0.144969 0.004810 0.068069 0.997669 -0.144969 0.051713 0.996329 -0.068226 2.015523 0.000000 0.000000 0.000000 1.000000
-0.998708 0.050801 0.000952 -0.131908 0.004199 0.063848 0.997951 -0.131908 0.050636 0.996666 -0.063979 3.268301 0.000000 0.000000 0.000000 1.000000
-0.998797 0.049019 0.000852 -0.113862 0.003689 0.057811 0.998321 -0.113861 0.048887 0.997123 -0.057923 4.234274 0.000000 0.000000 0.000000 1.000000
-0.998913 0.046611 0.000881 -0.093877 0.003250 0.050769 0.998705 -0.093877 0.046506 0.997622 -0.050866 4.615787 0.000000 0.000000 0.000000 1.000000
-0.999048 0.043619 0.000952 -0.075000 0.002853 0.043537 0.999048 -0.075000 0.043536 0.998099 -0.043620 4.766814 0.000000 0.000000 0.000000 1.000000
-0.999195 0.040097 0.000994 -0.058990 0.002471 0.036790 0.999320 -0.058989 0.040034 0.998518 -0.036860 4.635459 0.000000 0.000000 0.000000 1.000000
-0.999346 0.036155 0.000994 -0.045437 0.002104 0.030657 0.999528 -0.045437 0.036108 0.998876 -0.030713 4.166479 0.000000 0.000000 0.000000 1.000000
-0.999490 0.031914 0.000956 -0.034137 0.001759 0.025123 0.999683 -0.034137 0.031880 0.999175 -0.025166 3.343251 0.000000 0.000000 0.000000 1.000000
-0.999621 0.027497 0.000884 -0.024886 0.001440 0.020177 0.999795 -0.024886 0.027474 0.999418 -0.020209 2.331715 0.000000 0.000000 0.000000 1.000000
-0.999734 0.023027 0.000785 -0.017478 0.001150 0.015805 0.999874 -0.017478 0.023012 0.999610 -0.015828 1.666608 0.000000 0.000000 0.000000 1.000000
-0.999826 0.018626 0.000667 -0.011709 0.000890 0.011996 0.999928 -0.011709 0.018616 0.999755 -0.012010 1.517706 0.000000 0.000000 0.000000 1.000000
-0.999896 0.014415 0.000537 -0.007374 0.000663 0.008737 0.999962 -0.007374 0.014410 0.999858 -0.008745 1.487382 0.000000 0.000000 0.000000 1.000000
-0.999945 0.010518 0.000404 -0.004267 0.000467 0.006014 0.999982 -0.004267 0.010516 0.999927 -0.006018 1.508546 0.000000 0.000000 0.000000 1.000000
-0.999975 0.007057 0.000278 -0.002185 0.000305 0.003814 0.999993 -0.002185 0.007056 0.999968 -0.003816 1.555246 0.000000 0.000000 0.000000 1.000000
-0.999991 0.004152 0.000166 -0.000922 0.000175 0.002126 0.999998 -0.000922 0.004152 0.999989 -0.002127 1.612654 0.000000 0.000000 0.000000 1.000000
-0.999998 0.001927 0.000078 -0.000273 0.000080 0.000937 1.000000 -0.000273 0.001927 0.999998 -0.000937 1.669541 0.000000 0.000000 0.000000 1.000000
-1.000000 0.000502 0.000020 -0.000034 0.000020 0.000232 1.000000 -0.000034 0.000502 1.000000 -0.000232 1.714819 0.000000 0.000000 0.000000 1.000000</float_array><technique_common><accessor source="#jnt_flap4-Matrix-animation-output-transform-array" count="45" stride="16"><param type="float4x4"/></accessor></technique_common></source><source id="jnt_flap4-Interpolations"><Name_array id="jnt_flap4-Interpolations-array" count="45">
 LINEAR LINEAR LINEAR LINEAR LINEAR LINEAR LINEAR LINEAR LINEAR LINEAR LINEAR
LINEAR LINEAR LINEAR LINEAR LINEAR LINEAR LINEAR LINEAR LINEAR LINEAR LINEAR LINEAR
LINEAR LINEAR LINEAR LINEAR LINEAR LINEAR LINEAR LINEAR LINEAR LINEAR LINEAR LINEAR
LINEAR LINEAR LINEAR LINEAR LINEAR LINEAR LINEAR LINEAR LINEAR LINEAR</Name_array><technique_common><accessor source="#jnt_flap4-Interpolations-array" count="45"><param type="name"/></accessor></technique_common></source><sampler id="jnt_flap4-Matrix-animation-transform"><input semantic="INPUT" source="#jnt_flap4-Matrix-animation-input"/><input semantic="OUTPUT" source="#jnt_flap4-Matrix-animation-output-transform"/><input semantic="INTERPOLATION" source="#jnt_flap4-Interpolations"/></sampler><channel source="#jnt_flap4-Matrix-animation-transform" target="jnt_flap4/matrix"/></animation></animation>
  </library_animations>
  <library_visual_scenes>
    <visual_scene id="Scene" name="Scene">
      <node name="Armature" id="Armature" sid="Armature"><matrix sid="matrix">1.000000 0.000000 0.000000 0.000000 0.000000 1.000000 -0.000000 0.000000 0.000000 0.000000 1.000000 0.000000 0.000000 0.000000 0.000000 1.000000</matrix><extra><technique profile="FCOLLADA"><visibility>1.000000</visibility></technique></extra><node name="jnt_barrel" id="jnt_barrel" sid="jnt_barrel" type="JOINT"><matrix sid="matrix">1.000000 0.000000 0.000000 0.000000 0.000000 1.000000 -0.000000 1.226135 0.000000 0.000000 1.000000 1.069256 0.000000 0.000000 0.000000 1.000000</matrix><extra><technique profile="FCOLLADA"><visibility>1.000000</visibility></technique></extra><node name="jnt_flap4" id="jnt_flap4" sid="jnt_flap4" type="JOINT"><matrix sid="matrix">-1.000000 -0.000000 -0.000000 0.000000 -0.000000 0.000000 1.000000 0.000000 0.000000 1.000000 -0.000000 1.734274 0.000000 0.000000 0.000000 1.000000</matrix><extra><technique profile="FCOLLADA"><visibility>1.000000</visibility></technique></extra><node name="jnt_flap4_end" id="jnt_flap4_end" sid="jnt_flap4_end" type="JOINT"><matrix sid="matrix">1.000000 -0.000000 -0.000000 0.000000 0.000000 1.000000 0.000000 1.734274 -0.000000 0.000000 1.000000 0.000000 0.000000 0.000000 0.000000 1.000000</matrix><extra><technique profile="FCOLLADA"><visibility>1.000000</visibility></technique></extra></node></node></node></node>
      <extra><technique profile="MAX3D"><frame_rate>0.000000</frame_rate></technique><technique profile="FCOLLADA"><start_time>0.000000</start_time><end_time>1.000000</end_time></technique></extra>
    </visual_scene>
  </library_visual_scenes>
  <scene>
    <instance_visual_scene url="#Scene"></instance_visual_scene>
  </scene>
</COLLADA>
